graph analysis
01000000000000000001010100000000101000100000111111100001011111011100011111111000
10100000000001111100010100000000101000100000001111100001011111011100000111111000
01011110100001111111111100001111111111101011111111110111111111111111111111111110
00101111101001111111111100011111111111101011111111110111111111111111111111111111
00110111101001111111111101011111111111101011111111111111111111111111111111111111
00111011101001111111110101011111111111101000111111111011111111111111011111111110
00111100101001111111110100011111111111101000111111110011111111111111011111111110
00011100100001110000011110001111111110101000101111110001010111111111011111111110
00111111000000111101011100011111111010111110111111111111111111111111111111111111
00000000000000000001010100000000001000100000111111110001010111011100000000111110
00011110000101111101010101001111101010100000111111111101111111111100011111111111
00000000001010000001010000000000001000000000111111000101010111000000000011111011
00000000000101000001010000000000000000000000111111000100010100000000000000111011
01111111001010111111010101001111111111101000111111111101011111111111011111111111
01111111101001011111010101011111111111101010111111111111111111111111111111111111
01111111101001101111010101001111111111101000111111111111111111111111011111111111
01111110101001110101010101001111111111101000111111111111111111111111011111111111
01111110101001111011010101001111111111101010111111111111111111111111111111111111
00111110000001110101010100001111101010101000111111110001011111111111000111111110
10111110111111111110110111111111111111101001111111111111111111111111111111111111
00111110000000000001010100001110101010100000001111110001011111111100000111111110
11111111111111111111101111111111111111111111111111111111111111111111111111111111
00111001100000000000010100000000111100100000101111110001011111011100011111111110
11111111111001111111111011111111111111111111111111111111111111111111111111111111
00000001000000000001010101000000111000000000111111100000010111000000000000111000
00001100001001111101010110100111101111101011111111110111111111111111011111111111
00000000000000000001010101010000100000000000111111100001011100001000011111111000
00011110100000100001010100101111111110111110111111100111111111111111111111111011
00111111101001111111110100010111111111101010111111110101011111111111111111111111
00111111101001111111110101011011111111111111111111111111111111111111111111111111
00111111101001111111110101011101111111101011111111111101011111111111111111111111
00111111101001111111010101011110111111111111111111111111111111111111111111111111
11111111101001111111111111111111011111101011111111111111111111111111111111111111
00111111100001111101011110011111101110101000111111110001011111111111011111111110
11111111111101111111111111011111110111101011111111111111111111111111111111111111
00111111000001111101011101011111111010101000111111111101111111111111011111111111
00111111101001111111110101011111111101101011111111111111111111111111111111111111
00111110000001111101010101001111101010100000111111111101111111111100011111111111
11111111111001111111111101011111111111001011111111111111111111111111111111111111
00000000100000000000010100010101000000001010001111001111111101000111110011111011
00111111100001111111010101011111111110110111111111111111111111111111111111111111
00000000100000000000010100010101000000001010001111001111111101000111110111111011
00111000100000100100010101011111101010111101101111111111111111111111110111111111
00111000000000000001010101000111101010101010111111111111111111111111110111111111
10111111111111111111011111111111111111101011011111111111111111111111111111111111
10111110111111111111010111111111111111101001101111111111111111111111111111111111
11111111111111111111111111111111111111111111110111111111111111111111111111111111
11111111111111111111111111111111111111111111111011111111111111111111111111111111
11111111111111111111111111111111111111111111111101111111111111111111111111111111
11111111111111111111111111111111111111111111111110111111111111111111111111111111
11111111111001111111111111111111111111101011111111011111111111111111111111111111
00111111111001111111111101001111111111101011111111101111111111111111111111111111
00001100101001111101010100000111101111111111111111110111111111111111111111111111
00111000101111111101010101011111101111111111111111111011111111111111111111111111
00111110100000111101010101010101101010111111111111111101111111111111110111111111
11111111111101111111111101111111111111111111111111111110111111111111111111111111
00111110101000111101010101010101101111111111111111111111011111111111111111111111
11111111111111111111111111111111111111111111111111111111101111111111111111111111
11111110101001111111111101111111111111111111111111111111110111111111111111111111
11111111111111111111111111111111111111111111111111111111111011111111111111111111
11111111111101111111111111011111111111101011111111111111111101111111111111111111
11111111111101111111111111011111111111111111111111111111111110111111111111111111
00111111101001111111110101011111111111101011111111111111111111011111111111111111
11111111111001111111111101011111111111101011111111111111111111101111111111111111
11111111111001111111111101111111111111101011111111111111111111110111111111111111
11111111111001111111111101011111111111111111111111111111111111111011111111111111
00111111100001111111010101011111111110111111111111111111111111111101111111111111
00111111100001111111010101011111111110111111111111111111111111111110111111111111
00111000100000100101010100011111101010111111111111111111111111111111000111111111
10111111101001111101011101111111111111111111111111111111111111111111001111111111
10111111101001111101011101111111111111101000111111111101111111111111010111111111
11111111101001111111111101111111111111101111111111111111111111111111111011111111
11111111101101111111111101111111111111111111111111111111111111111111111101111111
11111111101101111111111101111111111111111111111111111111111111111111111110111111
11111111111111111111111111111111111111111111111111111111111111111111111111011111
11111111111111111111111111111111111111111111111111111111111111111111111111101111
11111111111111111111111111111111111111111111111111111111111111111111111111110111
00111111111001111111111101001111111111101011111111111111111111111111111111111011
00111111111111111111111101011111111111111111111111111111111111111111111111111101
00011000101111111101010101011111101111111111111111111111111111111111111111111110
12
0, 1, 2, 3, 4, 5, 6, 7, 8, 9, 10, 11, 13, 14, 15, 16, 17, 18, 19, 20, 21, 22, 23, 24, 25, 26, 27, 28, 29, 30, 31, 32, 33, 34, 35, 36, 37, 38, 39, 40, 41, 42, 43, 44, 45, 46, 47, 48, 49, 50, 51, 52, 53, 54, 55, 56, 57, 58, 59, 60, 61, 62, 63, 64, 65, 66, 67, 68, 69, 70, 71, 72, 73, 74, 75, 76, 77, 78, 79,
1

24
0, 1, 2, 3, 4, 5, 6, 7, 8, 9, 10, 11, 13, 14, 15, 16, 17, 18, 19, 20, 21, 22, 23, 25, 26, 27, 28, 29, 30, 31, 32, 33, 34, 35, 36, 37, 38, 39, 40, 41, 42, 43, 44, 45, 46, 47, 48, 49, 50, 51, 52, 53, 54, 55, 56, 57, 58, 59, 60, 61, 62, 63, 64, 65, 66, 67, 68, 69, 70, 71, 72, 73, 74, 75, 76, 77, 78, 79,
1

11
0, 1, 2, 3, 4, 5, 6, 7, 8, 9, 10, 13, 14, 15, 16, 17, 18, 19, 20, 21, 22, 23, 25, 26, 27, 28, 29, 30, 31, 32, 33, 34, 35, 36, 37, 38, 39, 40, 41, 42, 43, 44, 45, 46, 47, 48, 49, 50, 51, 52, 53, 54, 55, 56, 57, 58, 59, 60, 61, 62, 63, 64, 65, 66, 67, 68, 69, 70, 71, 72, 73, 74, 75, 76, 77, 78, 79,
11 12
0

9
0, 1, 2, 3, 4, 5, 6, 7, 8, 10, 11, 13, 14, 15, 16, 17, 18, 19, 20, 21, 22, 23, 25, 26, 27, 28, 29, 30, 31, 32, 33, 34, 35, 36, 37, 38, 39, 40, 41, 42, 43, 44, 45, 46, 47, 48, 49, 50, 51, 52, 53, 54, 55, 56, 57, 58, 59, 60, 61, 62, 63, 64, 65, 66, 67, 68, 69, 70, 71, 72, 73, 74, 75, 76, 77, 78, 79,
1

26
0, 1, 2, 3, 4, 5, 6, 7, 8, 10, 11, 13, 14, 15, 16, 17, 18, 19, 20, 21, 22, 23, 25, 27, 28, 29, 30, 31, 32, 33, 34, 35, 36, 37, 38, 39, 40, 41, 42, 43, 44, 45, 46, 47, 48, 49, 50, 51, 52, 53, 54, 55, 56, 57, 58, 59, 60, 61, 62, 63, 64, 65, 66, 67, 68, 69, 70, 71, 72, 73, 74, 75, 76, 77, 78, 79,
1

0
1, 2, 3, 4, 5, 6, 7, 8, 10, 11, 13, 14, 15, 16, 17, 18, 19, 20, 21, 22, 23, 25, 27, 28, 29, 30, 31, 32, 33, 34, 35, 36, 37, 38, 39, 40, 41, 42, 43, 44, 45, 46, 47, 48, 49, 50, 51, 52, 53, 54, 55, 56, 57, 58, 59, 60, 61, 62, 63, 64, 65, 66, 67, 68, 69, 70, 71, 72, 73, 74, 75, 76, 77, 78, 79,
1

1
2, 3, 4, 5, 6, 7, 8, 10, 11, 13, 14, 15, 16, 17, 18, 19, 20, 21, 22, 23, 25, 27, 28, 29, 30, 31, 32, 33, 34, 35, 36, 37, 38, 39, 40, 41, 42, 43, 44, 45, 46, 47, 48, 49, 50, 51, 52, 53, 54, 55, 56, 57, 58, 59, 60, 61, 62, 63, 64, 65, 66, 67, 68, 69, 70, 71, 72, 73, 74, 75, 76, 77, 78, 79,
0 1
0

39
1, 2, 3, 4, 5, 6, 7, 8, 10, 11, 13, 14, 15, 16, 17, 18, 19, 20, 21, 22, 23, 25, 27, 28, 29, 30, 31, 32, 33, 34, 35, 36, 37, 38, 40, 41, 42, 43, 44, 45, 46, 47, 48, 49, 50, 51, 52, 53, 54, 55, 56, 57, 58, 59, 60, 61, 62, 63, 64, 65, 66, 67, 68, 69, 70, 71, 72, 73, 74, 75, 76, 77, 78, 79,
1

41
1, 2, 3, 4, 5, 6, 7, 8, 10, 11, 13, 14, 15, 16, 17, 18, 19, 20, 21, 22, 23, 25, 27, 28, 29, 30, 31, 32, 33, 34, 35, 36, 37, 38, 40, 42, 43, 44, 45, 46, 47, 48, 49, 50, 51, 52, 53, 54, 55, 56, 57, 58, 59, 60, 61, 62, 63, 64, 65, 66, 67, 68, 69, 70, 71, 72, 73, 74, 75, 76, 77, 78, 79,
1

22
1, 2, 3, 4, 5, 6, 7, 8, 10, 11, 13, 14, 15, 16, 17, 18, 19, 20, 21, 23, 25, 27, 28, 29, 30, 31, 32, 33, 34, 35, 36, 37, 38, 40, 42, 43, 44, 45, 46, 47, 48, 49, 50, 51, 52, 53, 54, 55, 56, 57, 58, 59, 60, 61, 62, 63, 64, 65, 66, 67, 68, 69, 70, 71, 72, 73, 74, 75, 76, 77, 78, 79,
1

20
1, 2, 3, 4, 5, 6, 7, 8, 10, 11, 13, 14, 15, 16, 17, 18, 19, 21, 23, 25, 27, 28, 29, 30, 31, 32, 33, 34, 35, 36, 37, 38, 40, 42, 43, 44, 45, 46, 47, 48, 49, 50, 51, 52, 53, 54, 55, 56, 57, 58, 59, 60, 61, 62, 63, 64, 65, 66, 67, 68, 69, 70, 71, 72, 73, 74, 75, 76, 77, 78, 79,
1

18
1, 2, 3, 4, 5, 6, 7, 8, 10, 11, 13, 14, 15, 16, 17, 19, 21, 23, 25, 27, 28, 29, 30, 31, 32, 33, 34, 35, 36, 37, 38, 40, 42, 43, 44, 45, 46, 47, 48, 49, 50, 51, 52, 53, 54, 55, 56, 57, 58, 59, 60, 61, 62, 63, 64, 65, 66, 67, 68, 69, 70, 71, 72, 73, 74, 75, 76, 77, 78, 79,
1

7
1, 2, 3, 4, 5, 6, 8, 10, 11, 13, 14, 15, 16, 17, 19, 21, 23, 25, 27, 28, 29, 30, 31, 32, 33, 34, 35, 36, 37, 38, 40, 42, 43, 44, 45, 46, 47, 48, 49, 50, 51, 52, 53, 54, 55, 56, 57, 58, 59, 60, 61, 62, 63, 64, 65, 66, 67, 68, 69, 70, 71, 72, 73, 74, 75, 76, 77, 78, 79,
7 24
0

43
1, 2, 3, 4, 5, 6, 7, 8, 10, 11, 13, 14, 15, 16, 17, 19, 21, 23, 25, 27, 28, 29, 30, 31, 32, 33, 34, 35, 36, 37, 38, 40, 42, 44, 45, 46, 47, 48, 49, 50, 51, 52, 53, 54, 55, 56, 57, 58, 59, 60, 61, 62, 63, 64, 65, 66, 67, 68, 69, 70, 71, 72, 73, 74, 75, 76, 77, 78, 79,
1

10
1, 2, 3, 4, 5, 6, 7, 8, 11, 13, 14, 15, 16, 17, 19, 21, 23, 25, 27, 28, 29, 30, 31, 32, 33, 34, 35, 36, 37, 38, 40, 42, 44, 45, 46, 47, 48, 49, 50, 51, 52, 53, 54, 55, 56, 57, 58, 59, 60, 61, 62, 63, 64, 65, 66, 67, 68, 69, 70, 71, 72, 73, 74, 75, 76, 77, 78, 79,
1

37
1, 2, 3, 4, 5, 6, 7, 8, 11, 13, 14, 15, 16, 17, 19, 21, 23, 25, 27, 28, 29, 30, 31, 32, 33, 34, 35, 36, 38, 40, 42, 44, 45, 46, 47, 48, 49, 50, 51, 52, 53, 54, 55, 56, 57, 58, 59, 60, 61, 62, 63, 64, 65, 66, 67, 68, 69, 70, 71, 72, 73, 74, 75, 76, 77, 78, 79,
1

42
1, 2, 3, 4, 5, 6, 7, 8, 11, 13, 14, 15, 16, 17, 19, 21, 23, 25, 27, 28, 29, 30, 31, 32, 33, 34, 35, 36, 38, 40, 44, 45, 46, 47, 48, 49, 50, 51, 52, 53, 54, 55, 56, 57, 58, 59, 60, 61, 62, 63, 64, 65, 66, 67, 68, 69, 70, 71, 72, 73, 74, 75, 76, 77, 78, 79,
42 43
0

68
1, 2, 3, 4, 5, 6, 7, 8, 11, 13, 14, 15, 16, 17, 19, 21, 23, 25, 27, 28, 29, 30, 31, 32, 33, 34, 35, 36, 38, 40, 42, 44, 45, 46, 47, 48, 49, 50, 51, 52, 53, 54, 55, 56, 57, 58, 59, 60, 61, 62, 63, 64, 65, 66, 67, 69, 70, 71, 72, 73, 74, 75, 76, 77, 78, 79,
43 68
0

27
1, 2, 3, 4, 5, 6, 7, 8, 11, 13, 14, 15, 16, 17, 19, 21, 23, 25, 28, 29, 30, 31, 32, 33, 34, 35, 36, 38, 40, 42, 44, 45, 46, 47, 48, 49, 50, 51, 52, 53, 54, 55, 56, 57, 58, 59, 60, 61, 62, 63, 64, 65, 66, 67, 68, 69, 70, 71, 72, 73, 74, 75, 76, 77, 78, 79,
27 41
0

33
1, 2, 3, 4, 5, 6, 7, 8, 11, 13, 14, 15, 16, 17, 19, 21, 23, 25, 27, 28, 29, 30, 31, 32, 34, 35, 36, 38, 40, 42, 44, 45, 46, 47, 48, 49, 50, 51, 52, 53, 54, 55, 56, 57, 58, 59, 60, 61, 62, 63, 64, 65, 66, 67, 68, 69, 70, 71, 72, 73, 74, 75, 76, 77, 78, 79,
24 33
0

25
1, 2, 3, 4, 5, 6, 7, 8, 11, 13, 14, 15, 16, 17, 19, 21, 23, 27, 28, 29, 30, 31, 32, 33, 34, 35, 36, 38, 40, 42, 44, 45, 46, 47, 48, 49, 50, 51, 52, 53, 54, 55, 56, 57, 58, 59, 60, 61, 62, 63, 64, 65, 66, 67, 68, 69, 70, 71, 72, 73, 74, 75, 76, 77, 78, 79,
25 43
0

54
1, 2, 3, 4, 5, 6, 7, 8, 11, 13, 14, 15, 16, 17, 19, 21, 23, 25, 27, 28, 29, 30, 31, 32, 33, 34, 35, 36, 38, 40, 42, 44, 45, 46, 47, 48, 49, 50, 51, 52, 53, 55, 56, 57, 58, 59, 60, 61, 62, 63, 64, 65, 66, 67, 68, 69, 70, 71, 72, 73, 74, 75, 76, 77, 78, 79,
43 54
0

6
1, 2, 3, 4, 5, 7, 8, 11, 13, 14, 15, 16, 17, 19, 21, 23, 25, 27, 28, 29, 30, 31, 32, 33, 34, 35, 36, 38, 40, 42, 44, 45, 46, 47, 48, 49, 50, 51, 52, 53, 54, 55, 56, 57, 58, 59, 60, 61, 62, 63, 64, 65, 66, 67, 68, 69, 70, 71, 72, 73, 74, 75, 76, 77, 78, 79,
6 37
0

35
1, 2, 3, 4, 5, 6, 7, 8, 11, 13, 14, 15, 16, 17, 19, 21, 23, 25, 27, 28, 29, 30, 31, 32, 33, 34, 36, 38, 40, 42, 44, 45, 46, 47, 48, 49, 50, 51, 52, 53, 54, 55, 56, 57, 58, 59, 60, 61, 62, 63, 64, 65, 66, 67, 68, 69, 70, 71, 72, 73, 74, 75, 76, 77, 78, 79,
22 35
0

52
1, 2, 3, 4, 5, 6, 7, 8, 11, 13, 14, 15, 16, 17, 19, 21, 23, 25, 27, 28, 29, 30, 31, 32, 33, 34, 35, 36, 38, 40, 42, 44, 45, 46, 47, 48, 49, 50, 51, 53, 54, 55, 56, 57, 58, 59, 60, 61, 62, 63, 64, 65, 66, 67, 68, 69, 70, 71, 72, 73, 74, 75, 76, 77, 78, 79,
43 52
0

13
1, 2, 3, 4, 5, 6, 7, 8, 11, 14, 15, 16, 17, 19, 21, 23, 25, 27, 28, 29, 30, 31, 32, 33, 34, 35, 36, 38, 40, 42, 44, 45, 46, 47, 48, 49, 50, 51, 52, 53, 54, 55, 56, 57, 58, 59, 60, 61, 62, 63, 64, 65, 66, 67, 68, 69, 70, 71, 72, 73, 74, 75, 76, 77, 78, 79,
13 37
0

16
1, 2, 3, 4, 5, 6, 7, 8, 11, 13, 14, 15, 17, 19, 21, 23, 25, 27, 28, 29, 30, 31, 32, 33, 34, 35, 36, 38, 40, 42, 44, 45, 46, 47, 48, 49, 50, 51, 52, 53, 54, 55, 56, 57, 58, 59, 60, 61, 62, 63, 64, 65, 66, 67, 68, 69, 70, 71, 72, 73, 74, 75, 76, 77, 78, 79,
16 37
0

5
1, 2, 3, 4, 6, 7, 8, 11, 13, 14, 15, 16, 17, 19, 21, 23, 25, 27, 28, 29, 30, 31, 32, 33, 34, 35, 36, 38, 40, 42, 44, 45, 46, 47, 48, 49, 50, 51, 52, 53, 54, 55, 56, 57, 58, 59, 60, 61, 62, 63, 64, 65, 66, 67, 68, 69, 70, 71, 72, 73, 74, 75, 76, 77, 78, 79,
5 18
0

8
1, 2, 3, 4, 5, 6, 7, 11, 13, 14, 15, 16, 17, 19, 21, 23, 25, 27, 28, 29, 30, 31, 32, 33, 34, 35, 36, 38, 40, 42, 44, 45, 46, 47, 48, 49, 50, 51, 52, 53, 54, 55, 56, 57, 58, 59, 60, 61, 62, 63, 64, 65, 66, 67, 68, 69, 70, 71, 72, 73, 74, 75, 76, 77, 78, 79,
8 41
0

28
1, 2, 3, 4, 5, 6, 7, 8, 11, 13, 14, 15, 16, 17, 19, 21, 23, 25, 27, 29, 30, 31, 32, 33, 34, 35, 36, 38, 40, 42, 44, 45, 46, 47, 48, 49, 50, 51, 52, 53, 54, 55, 56, 57, 58, 59, 60, 61, 62, 63, 64, 65, 66, 67, 68, 69, 70, 71, 72, 73, 74, 75, 76, 77, 78, 79,
28 37
0

56
1, 2, 3, 4, 5, 6, 7, 8, 11, 13, 14, 15, 16, 17, 19, 21, 23, 25, 27, 28, 29, 30, 31, 32, 33, 34, 35, 36, 38, 40, 42, 44, 45, 46, 47, 48, 49, 50, 51, 52, 53, 54, 55, 57, 58, 59, 60, 61, 62, 63, 64, 65, 66, 67, 68, 69, 70, 71, 72, 73, 74, 75, 76, 77, 78, 79,
43 56
0

2
1, 3, 4, 5, 6, 7, 8, 11, 13, 14, 15, 16, 17, 19, 21, 23, 25, 27, 28, 29, 30, 31, 32, 33, 34, 35, 36, 38, 40, 42, 44, 45, 46, 47, 48, 49, 50, 51, 52, 53, 54, 55, 56, 57, 58, 59, 60, 61, 62, 63, 64, 65, 66, 67, 68, 69, 70, 71, 72, 73, 74, 75, 76, 77, 78, 79,
2 43
0

15
1, 2, 3, 4, 5, 6, 7, 8, 11, 13, 14, 16, 17, 19, 21, 23, 25, 27, 28, 29, 30, 31, 32, 33, 34, 35, 36, 38, 40, 42, 44, 45, 46, 47, 48, 49, 50, 51, 52, 53, 54, 55, 56, 57, 58, 59, 60, 61, 62, 63, 64, 65, 66, 67, 68, 69, 70, 71, 72, 73, 74, 75, 76, 77, 78, 79,
15 37
0

17
1, 2, 3, 4, 5, 6, 7, 8, 11, 13, 14, 15, 16, 19, 21, 23, 25, 27, 28, 29, 30, 31, 32, 33, 34, 35, 36, 38, 40, 42, 44, 45, 46, 47, 48, 49, 50, 51, 52, 53, 54, 55, 56, 57, 58, 59, 60, 61, 62, 63, 64, 65, 66, 67, 68, 69, 70, 71, 72, 73, 74, 75, 76, 77, 78, 79,
17 37
0

70
1, 2, 3, 4, 5, 6, 7, 8, 11, 13, 14, 15, 16, 17, 19, 21, 23, 25, 27, 28, 29, 30, 31, 32, 33, 34, 35, 36, 38, 40, 42, 44, 45, 46, 47, 48, 49, 50, 51, 52, 53, 54, 55, 56, 57, 58, 59, 60, 61, 62, 63, 64, 65, 66, 67, 68, 69, 71, 72, 73, 74, 75, 76, 77, 78, 79,
37 70
0

79
1, 2, 3, 4, 5, 6, 7, 8, 11, 13, 14, 15, 16, 17, 19, 21, 23, 25, 27, 28, 29, 30, 31, 32, 33, 34, 35, 36, 38, 40, 42, 44, 45, 46, 47, 48, 49, 50, 51, 52, 53, 54, 55, 56, 57, 58, 59, 60, 61, 62, 63, 64, 65, 66, 67, 68, 69, 70, 71, 72, 73, 74, 75, 76, 77, 78,
43 79
0

30
1, 2, 3, 4, 5, 6, 7, 8, 11, 13, 14, 15, 16, 17, 19, 21, 23, 25, 27, 28, 29, 31, 32, 33, 34, 35, 36, 38, 40, 42, 44, 45, 46, 47, 48, 49, 50, 51, 52, 53, 54, 55, 56, 57, 58, 59, 60, 61, 62, 63, 64, 65, 66, 67, 68, 69, 70, 71, 72, 73, 74, 75, 76, 77, 78, 79,
30 37
0

53
1, 2, 3, 4, 5, 6, 7, 8, 11, 13, 14, 15, 16, 17, 19, 21, 23, 25, 27, 28, 29, 30, 31, 32, 33, 34, 35, 36, 38, 40, 42, 44, 45, 46, 47, 48, 49, 50, 51, 52, 54, 55, 56, 57, 58, 59, 60, 61, 62, 63, 64, 65, 66, 67, 68, 69, 70, 71, 72, 73, 74, 75, 76, 77, 78, 79,
43 53
0

3
1, 2, 4, 5, 6, 7, 8, 11, 13, 14, 15, 16, 17, 19, 21, 23, 25, 27, 28, 29, 30, 31, 32, 33, 34, 35, 36, 38, 40, 42, 44, 45, 46, 47, 48, 49, 50, 51, 52, 53, 54, 55, 56, 57, 58, 59, 60, 61, 62, 63, 64, 65, 66, 67, 68, 69, 70, 71, 72, 73, 74, 75, 76, 77, 78, 79,
3 37
0

14
1, 2, 3, 4, 5, 6, 7, 8, 11, 13, 15, 16, 17, 19, 21, 23, 25, 27, 28, 29, 30, 31, 32, 33, 34, 35, 36, 38, 40, 42, 44, 45, 46, 47, 48, 49, 50, 51, 52, 53, 54, 55, 56, 57, 58, 59, 60, 61, 62, 63, 64, 65, 66, 67, 68, 69, 70, 71, 72, 73, 74, 75, 76, 77, 78, 79,
14 37
0

40
1, 2, 3, 4, 5, 6, 7, 8, 11, 13, 14, 15, 16, 17, 19, 21, 23, 25, 27, 28, 29, 30, 31, 32, 33, 34, 35, 36, 38, 42, 44, 45, 46, 47, 48, 49, 50, 51, 52, 53, 54, 55, 56, 57, 58, 59, 60, 61, 62, 63, 64, 65, 66, 67, 68, 69, 70, 71, 72, 73, 74, 75, 76, 77, 78, 79,
40 43
0

66
1, 2, 3, 4, 5, 6, 7, 8, 11, 13, 14, 15, 16, 17, 19, 21, 23, 25, 27, 28, 29, 30, 31, 32, 33, 34, 35, 36, 38, 40, 42, 44, 45, 46, 47, 48, 49, 50, 51, 52, 53, 54, 55, 56, 57, 58, 59, 60, 61, 62, 63, 64, 65, 67, 68, 69, 70, 71, 72, 73, 74, 75, 76, 77, 78, 79,
43 66
0

67
1, 2, 3, 4, 5, 6, 7, 8, 11, 13, 14, 15, 16, 17, 19, 21, 23, 25, 27, 28, 29, 30, 31, 32, 33, 34, 35, 36, 38, 40, 42, 44, 45, 46, 47, 48, 49, 50, 51, 52, 53, 54, 55, 56, 57, 58, 59, 60, 61, 62, 63, 64, 65, 66, 68, 69, 70, 71, 72, 73, 74, 75, 76, 77, 78, 79,
43 67
0

36
1, 2, 3, 4, 5, 6, 7, 8, 11, 13, 14, 15, 16, 17, 19, 21, 23, 25, 27, 28, 29, 30, 31, 32, 33, 34, 35, 38, 40, 42, 44, 45, 46, 47, 48, 49, 50, 51, 52, 53, 54, 55, 56, 57, 58, 59, 60, 61, 62, 63, 64, 65, 66, 67, 68, 69, 70, 71, 72, 73, 74, 75, 76, 77, 78, 79,
36 43
0

62
1, 2, 3, 4, 5, 6, 7, 8, 11, 13, 14, 15, 16, 17, 19, 21, 23, 25, 27, 28, 29, 30, 31, 32, 33, 34, 35, 36, 38, 40, 42, 44, 45, 46, 47, 48, 49, 50, 51, 52, 53, 54, 55, 56, 57, 58, 59, 60, 61, 63, 64, 65, 66, 67, 68, 69, 70, 71, 72, 73, 74, 75, 76, 77, 78, 79,
43 62
0

4
1, 2, 3, 5, 6, 7, 8, 11, 13, 14, 15, 16, 17, 19, 21, 23, 25, 27, 28, 29, 30, 31, 32, 33, 34, 35, 36, 38, 40, 42, 44, 45, 46, 47, 48, 49, 50, 51, 52, 53, 54, 55, 56, 57, 58, 59, 60, 61, 62, 63, 64, 65, 66, 67, 68, 69, 70, 71, 72, 73, 74, 75, 76, 77, 78, 79,
4 43
0

31
1, 2, 3, 4, 5, 6, 7, 8, 11, 13, 14, 15, 16, 17, 19, 21, 23, 25, 27, 28, 29, 30, 32, 33, 34, 35, 36, 38, 40, 42, 44, 45, 46, 47, 48, 49, 50, 51, 52, 53, 54, 55, 56, 57, 58, 59, 60, 61, 62, 63, 64, 65, 66, 67, 68, 69, 70, 71, 72, 73, 74, 75, 76, 77, 78, 79,
31 43
0

51
1, 2, 3, 4, 5, 6, 7, 8, 11, 13, 14, 15, 16, 17, 19, 21, 23, 25, 27, 28, 29, 30, 31, 32, 33, 34, 35, 36, 38, 40, 42, 44, 45, 46, 47, 48, 49, 50, 52, 53, 54, 55, 56, 57, 58, 59, 60, 61, 62, 63, 64, 65, 66, 67, 68, 69, 70, 71, 72, 73, 74, 75, 76, 77, 78, 79,
43 51
0

77
1, 2, 3, 4, 5, 6, 7, 8, 11, 13, 14, 15, 16, 17, 19, 21, 23, 25, 27, 28, 29, 30, 31, 32, 33, 34, 35, 36, 38, 40, 42, 44, 45, 46, 47, 48, 49, 50, 51, 52, 53, 54, 55, 56, 57, 58, 59, 60, 61, 62, 63, 64, 65, 66, 67, 68, 69, 70, 71, 72, 73, 74, 75, 76, 78, 79,
37 77
0

29
1, 2, 3, 4, 5, 6, 7, 8, 11, 13, 14, 15, 16, 17, 19, 21, 23, 25, 27, 28, 30, 31, 32, 33, 34, 35, 36, 38, 40, 42, 44, 45, 46, 47, 48, 49, 50, 51, 52, 53, 54, 55, 56, 57, 58, 59, 60, 61, 62, 63, 64, 65, 66, 67, 68, 69, 70, 71, 72, 73, 74, 75, 76, 77, 78, 79,
29 43
0

69
1, 2, 3, 4, 5, 6, 7, 8, 11, 13, 14, 15, 16, 17, 19, 21, 23, 25, 27, 28, 29, 30, 31, 32, 33, 34, 35, 36, 38, 40, 42, 44, 45, 46, 47, 48, 49, 50, 51, 52, 53, 54, 55, 56, 57, 58, 59, 60, 61, 62, 63, 64, 65, 66, 67, 68, 70, 71, 72, 73, 74, 75, 76, 77, 78, 79,
43 69
0

45
1, 2, 3, 4, 5, 6, 7, 8, 11, 13, 14, 15, 16, 17, 19, 21, 23, 25, 27, 28, 29, 30, 31, 32, 33, 34, 35, 36, 38, 40, 42, 44, 46, 47, 48, 49, 50, 51, 52, 53, 54, 55, 56, 57, 58, 59, 60, 61, 62, 63, 64, 65, 66, 67, 68, 69, 70, 71, 72, 73, 74, 75, 76, 77, 78, 79,
43 45
0

19
1, 2, 3, 4, 5, 6, 7, 8, 11, 13, 14, 15, 16, 17, 21, 23, 25, 27, 28, 29, 30, 31, 32, 33, 34, 35, 36, 38, 40, 42, 44, 45, 46, 47, 48, 49, 50, 51, 52, 53, 54, 55, 56, 57, 58, 59, 60, 61, 62, 63, 64, 65, 66, 67, 68, 69, 70, 71, 72, 73, 74, 75, 76, 77, 78, 79,
19 43
0

38
1, 2, 3, 4, 5, 6, 7, 8, 11, 13, 14, 15, 16, 17, 19, 21, 23, 25, 27, 28, 29, 30, 31, 32, 33, 34, 35, 36, 40, 42, 44, 45, 46, 47, 48, 49, 50, 51, 52, 53, 54, 55, 56, 57, 58, 59, 60, 61, 62, 63, 64, 65, 66, 67, 68, 69, 70, 71, 72, 73, 74, 75, 76, 77, 78, 79,
38 43
0

63
1, 2, 3, 4, 5, 6, 7, 8, 11, 13, 14, 15, 16, 17, 19, 21, 23, 25, 27, 28, 29, 30, 31, 32, 33, 34, 35, 36, 38, 40, 42, 44, 45, 46, 47, 48, 49, 50, 51, 52, 53, 54, 55, 56, 57, 58, 59, 60, 61, 62, 64, 65, 66, 67, 68, 69, 70, 71, 72, 73, 74, 75, 76, 77, 78, 79,
43 63
0

32
1, 2, 3, 4, 5, 6, 7, 8, 11, 13, 14, 15, 16, 17, 19, 21, 23, 25, 27, 28, 29, 30, 31, 33, 34, 35, 36, 38, 40, 42, 44, 45, 46, 47, 48, 49, 50, 51, 52, 53, 54, 55, 56, 57, 58, 59, 60, 61, 62, 63, 64, 65, 66, 67, 68, 69, 70, 71, 72, 73, 74, 75, 76, 77, 78, 79,
32 43
0

58
1, 2, 3, 4, 5, 6, 7, 8, 11, 13, 14, 15, 16, 17, 19, 21, 23, 25, 27, 28, 29, 30, 31, 32, 33, 34, 35, 36, 38, 40, 42, 44, 45, 46, 47, 48, 49, 50, 51, 52, 53, 54, 55, 56, 57, 59, 60, 61, 62, 63, 64, 65, 66, 67, 68, 69, 70, 71, 72, 73, 74, 75, 76, 77, 78, 79,
43 58
0

64
1, 2, 3, 4, 5, 6, 7, 8, 11, 13, 14, 15, 16, 17, 19, 21, 23, 25, 27, 28, 29, 30, 31, 32, 33, 34, 35, 36, 38, 40, 42, 44, 45, 46, 47, 48, 49, 50, 51, 52, 53, 54, 55, 56, 57, 58, 59, 60, 61, 62, 63, 65, 66, 67, 68, 69, 70, 71, 72, 73, 74, 75, 76, 77, 78, 79,
43 64
0

71
1, 2, 3, 4, 5, 6, 7, 8, 11, 13, 14, 15, 16, 17, 19, 21, 23, 25, 27, 28, 29, 30, 31, 32, 33, 34, 35, 36, 38, 40, 42, 44, 45, 46, 47, 48, 49, 50, 51, 52, 53, 54, 55, 56, 57, 58, 59, 60, 61, 62, 63, 64, 65, 66, 67, 68, 69, 70, 72, 73, 74, 75, 76, 77, 78, 79,
43 71
0

34
1, 2, 3, 4, 5, 6, 7, 8, 11, 13, 14, 15, 16, 17, 19, 21, 23, 25, 27, 28, 29, 30, 31, 32, 33, 35, 36, 38, 40, 42, 44, 45, 46, 47, 48, 49, 50, 51, 52, 53, 54, 55, 56, 57, 58, 59, 60, 61, 62, 63, 64, 65, 66, 67, 68, 69, 70, 71, 72, 73, 74, 75, 76, 77, 78, 79,
34 43
0

44
1, 2, 3, 4, 5, 6, 7, 8, 11, 13, 14, 15, 16, 17, 19, 21, 23, 25, 27, 28, 29, 30, 31, 32, 33, 34, 35, 36, 38, 40, 42, 45, 46, 47, 48, 49, 50, 51, 52, 53, 54, 55, 56, 57, 58, 59, 60, 61, 62, 63, 64, 65, 66, 67, 68, 69, 70, 71, 72, 73, 74, 75, 76, 77, 78, 79,
43 44
0

50
1, 2, 3, 4, 5, 6, 7, 8, 11, 13, 14, 15, 16, 17, 19, 21, 23, 25, 27, 28, 29, 30, 31, 32, 33, 34, 35, 36, 38, 40, 42, 44, 45, 46, 47, 48, 49, 51, 52, 53, 54, 55, 56, 57, 58, 59, 60, 61, 62, 63, 64, 65, 66, 67, 68, 69, 70, 71, 72, 73, 74, 75, 76, 77, 78, 79,
43 50
0

60
1, 2, 3, 4, 5, 6, 7, 8, 11, 13, 14, 15, 16, 17, 19, 21, 23, 25, 27, 28, 29, 30, 31, 32, 33, 34, 35, 36, 38, 40, 42, 44, 45, 46, 47, 48, 49, 50, 51, 52, 53, 54, 55, 56, 57, 58, 59, 61, 62, 63, 64, 65, 66, 67, 68, 69, 70, 71, 72, 73, 74, 75, 76, 77, 78, 79,
43 60
0

65
1, 2, 3, 4, 5, 6, 7, 8, 11, 13, 14, 15, 16, 17, 19, 21, 23, 25, 27, 28, 29, 30, 31, 32, 33, 34, 35, 36, 38, 40, 42, 44, 45, 46, 47, 48, 49, 50, 51, 52, 53, 54, 55, 56, 57, 58, 59, 60, 61, 62, 63, 64, 66, 67, 68, 69, 70, 71, 72, 73, 74, 75, 76, 77, 78, 79,
43 65
0

78
1, 2, 3, 4, 5, 6, 7, 8, 11, 13, 14, 15, 16, 17, 19, 21, 23, 25, 27, 28, 29, 30, 31, 32, 33, 34, 35, 36, 38, 40, 42, 44, 45, 46, 47, 48, 49, 50, 51, 52, 53, 54, 55, 56, 57, 58, 59, 60, 61, 62, 63, 64, 65, 66, 67, 68, 69, 70, 71, 72, 73, 74, 75, 76, 77, 79,
43 78
0

72
1, 2, 3, 4, 5, 6, 7, 8, 11, 13, 14, 15, 16, 17, 19, 21, 23, 25, 27, 28, 29, 30, 31, 32, 33, 34, 35, 36, 38, 40, 42, 44, 45, 46, 47, 48, 49, 50, 51, 52, 53, 54, 55, 56, 57, 58, 59, 60, 61, 62, 63, 64, 65, 66, 67, 68, 69, 70, 71, 73, 74, 75, 76, 77, 78, 79,
43 72
0

73
1, 2, 3, 4, 5, 6, 7, 8, 11, 13, 14, 15, 16, 17, 19, 21, 23, 25, 27, 28, 29, 30, 31, 32, 33, 34, 35, 36, 38, 40, 42, 44, 45, 46, 47, 48, 49, 50, 51, 52, 53, 54, 55, 56, 57, 58, 59, 60, 61, 62, 63, 64, 65, 66, 67, 68, 69, 70, 71, 72, 74, 75, 76, 77, 78, 79,
43 73
0

23
1, 2, 3, 4, 5, 6, 7, 8, 11, 13, 14, 15, 16, 17, 19, 21, 25, 27, 28, 29, 30, 31, 32, 33, 34, 35, 36, 38, 40, 42, 44, 45, 46, 47, 48, 49, 50, 51, 52, 53, 54, 55, 56, 57, 58, 59, 60, 61, 62, 63, 64, 65, 66, 67, 68, 69, 70, 71, 72, 73, 74, 75, 76, 77, 78, 79,
23 43
0

55
1, 2, 3, 4, 5, 6, 7, 8, 11, 13, 14, 15, 16, 17, 19, 21, 23, 25, 27, 28, 29, 30, 31, 32, 33, 34, 35, 36, 38, 40, 42, 44, 45, 46, 47, 48, 49, 50, 51, 52, 53, 54, 56, 57, 58, 59, 60, 61, 62, 63, 64, 65, 66, 67, 68, 69, 70, 71, 72, 73, 74, 75, 76, 77, 78, 79,
43 55
0

61
1, 2, 3, 4, 5, 6, 7, 8, 11, 13, 14, 15, 16, 17, 19, 21, 23, 25, 27, 28, 29, 30, 31, 32, 33, 34, 35, 36, 38, 40, 42, 44, 45, 46, 47, 48, 49, 50, 51, 52, 53, 54, 55, 56, 57, 58, 59, 60, 62, 63, 64, 65, 66, 67, 68, 69, 70, 71, 72, 73, 74, 75, 76, 77, 78, 79,
43 61
0

21
1, 2, 3, 4, 5, 6, 7, 8, 11, 13, 14, 15, 16, 17, 19, 23, 25, 27, 28, 29, 30, 31, 32, 33, 34, 35, 36, 38, 40, 42, 44, 45, 46, 47, 48, 49, 50, 51, 52, 53, 54, 55, 56, 57, 58, 59, 60, 61, 62, 63, 64, 65, 66, 67, 68, 69, 70, 71, 72, 73, 74, 75, 76, 77, 78, 79,
21 43
0

46
1, 2, 3, 4, 5, 6, 7, 8, 11, 13, 14, 15, 16, 17, 19, 21, 23, 25, 27, 28, 29, 30, 31, 32, 33, 34, 35, 36, 38, 40, 42, 44, 45, 47, 48, 49, 50, 51, 52, 53, 54, 55, 56, 57, 58, 59, 60, 61, 62, 63, 64, 65, 66, 67, 68, 69, 70, 71, 72, 73, 74, 75, 76, 77, 78, 79,
43 46
0

47
1, 2, 3, 4, 5, 6, 7, 8, 11, 13, 14, 15, 16, 17, 19, 21, 23, 25, 27, 28, 29, 30, 31, 32, 33, 34, 35, 36, 38, 40, 42, 44, 45, 46, 48, 49, 50, 51, 52, 53, 54, 55, 56, 57, 58, 59, 60, 61, 62, 63, 64, 65, 66, 67, 68, 69, 70, 71, 72, 73, 74, 75, 76, 77, 78, 79,
43 47
0

48
1, 2, 3, 4, 5, 6, 7, 8, 11, 13, 14, 15, 16, 17, 19, 21, 23, 25, 27, 28, 29, 30, 31, 32, 33, 34, 35, 36, 38, 40, 42, 44, 45, 46, 47, 49, 50, 51, 52, 53, 54, 55, 56, 57, 58, 59, 60, 61, 62, 63, 64, 65, 66, 67, 68, 69, 70, 71, 72, 73, 74, 75, 76, 77, 78, 79,
43 48
0

49
1, 2, 3, 4, 5, 6, 7, 8, 11, 13, 14, 15, 16, 17, 19, 21, 23, 25, 27, 28, 29, 30, 31, 32, 33, 34, 35, 36, 38, 40, 42, 44, 45, 46, 47, 48, 50, 51, 52, 53, 54, 55, 56, 57, 58, 59, 60, 61, 62, 63, 64, 65, 66, 67, 68, 69, 70, 71, 72, 73, 74, 75, 76, 77, 78, 79,
43 49
0

57
1, 2, 3, 4, 5, 6, 7, 8, 11, 13, 14, 15, 16, 17, 19, 21, 23, 25, 27, 28, 29, 30, 31, 32, 33, 34, 35, 36, 38, 40, 42, 44, 45, 46, 47, 48, 49, 50, 51, 52, 53, 54, 55, 56, 58, 59, 60, 61, 62, 63, 64, 65, 66, 67, 68, 69, 70, 71, 72, 73, 74, 75, 76, 77, 78, 79,
43 57
0

59
1, 2, 3, 4, 5, 6, 7, 8, 11, 13, 14, 15, 16, 17, 19, 21, 23, 25, 27, 28, 29, 30, 31, 32, 33, 34, 35, 36, 38, 40, 42, 44, 45, 46, 47, 48, 49, 50, 51, 52, 53, 54, 55, 56, 57, 58, 60, 61, 62, 63, 64, 65, 66, 67, 68, 69, 70, 71, 72, 73, 74, 75, 76, 77, 78, 79,
43 59
0

74
1, 2, 3, 4, 5, 6, 7, 8, 11, 13, 14, 15, 16, 17, 19, 21, 23, 25, 27, 28, 29, 30, 31, 32, 33, 34, 35, 36, 38, 40, 42, 44, 45, 46, 47, 48, 49, 50, 51, 52, 53, 54, 55, 56, 57, 58, 59, 60, 61, 62, 63, 64, 65, 66, 67, 68, 69, 70, 71, 72, 73, 75, 76, 77, 78, 79,
43 74
0

75
1, 2, 3, 4, 5, 6, 7, 8, 11, 13, 14, 15, 16, 17, 19, 21, 23, 25, 27, 28, 29, 30, 31, 32, 33, 34, 35, 36, 38, 40, 42, 44, 45, 46, 47, 48, 49, 50, 51, 52, 53, 54, 55, 56, 57, 58, 59, 60, 61, 62, 63, 64, 65, 66, 67, 68, 69, 70, 71, 72, 73, 74, 76, 77, 78, 79,
43 75
0

76
1, 2, 3, 4, 5, 6, 7, 8, 11, 13, 14, 15, 16, 17, 19, 21, 23, 25, 27, 28, 29, 30, 31, 32, 33, 34, 35, 36, 38, 40, 42, 44, 45, 46, 47, 48, 49, 50, 51, 52, 53, 54, 55, 56, 57, 58, 59, 60, 61, 62, 63, 64, 65, 66, 67, 68, 69, 70, 71, 72, 73, 74, 75, 77, 78, 79,
43 76
0



13